7,681,773.38
2,500,000.00
2,500,000.00
2,500,000.00
2,500,000.00
10,000,000.00
121,100.00
10,000,000.00
5,000,000.00
5,000,000.00
10,060,673.38
10,000,000.00
50,000,000.00
50,000,000.00
11,060,673.38
1,000,000.00
50,000.00
900,000.00
7,750,000.00
5,500,000.00
2,500,000.00
50,000.00
7,310,673.38
2,500,000.00
50,000.00
50,000.00
500,000.00
7,510,173.38
300,500.00
7,410,173.38
100,000.00
102,500.00
102,500.00
7,100,000.00
7,205,173.38
7,100,000.00
115,000.00
25,000.00
39,000.00
650,000.00
5,500,000.00
500,000.00
100,000.00
21,500.00
11,184,673.38
300,000.00
9,184,673.38
2,000,000.00
4,000,000.00
4,584,673.38
600,000.00
400,000.00
100,000.00
100,000.00
8,184,673.38
4,000,000.00
100,000.00
2,000,000.00
2,000,000.00
8,039,673.38
45,000.00
700,000.00
8,724,673.38
15,000.00
100,000.00
20,000.00
105,000.00
5,000,000.00
500,000.00
1,500,000.00
9,499,673.38
2,000,000.00
4,499,673.38
5,000,000.00
4,400,000.00
750,000.00
99,673.38
750,000.00
50,000.00
50,000.00
100,000.00
102,173.38
97,500.00
400,000.00
85,923.38
416,250.00
100,000.00
100,000.00
1,700,000.00
1,700,000.00
50,000.00
85,923.38
50,000.00
65,923.38
20,000.00
500,000.00
51,600.00
4,000,000.00
4,000,000.00
450,000.00
2,700,000.00
300,000.00
2,664,323.38
400,000.00
2,300,000.00
300,000.00
114,323.38
50,000.00
209,323.38
95,000.00
95,000.00
50,000.00
70,000.00
84,323.38
50,000.00
500,000.00
524,323.38
60,000.00
100,000.00
100,000.00
374,323.38
50,000.00
200,000.00
374,323.38
200,000.00
110,013.38
264,310.00
5,000,000.00
1,250,000.00
1,250,000.00
1,250,000.00
1,250,000.00
36,000.00
51,013.38
23,000.00
101,013.38
50,000.00
88,113.38
12,900.00
26,100.00
50,000.00
62,013.38
50,000.00
54,000.00
14,000.00
52,013.38
50,000.00
50,000.00
52,013.38
50,000.00
37,013.38
15,000.00
125,000.00
55,000.00
55,000.00
125,000.00
23,000.00
51,513.38
102,500.00
550,000.00
500,000.00
51,513.38
50,000.00
50,000.00
50,000.00
1,751,513.38
1,700,000.00
350,000.00
1,300,000.00
50,000.00
100,000.00
51,513.38
100,000.00
151,513.38
100,000.00
51,513.38
100,000.00
1,856,250.00
875,000.00
632,763.38
400,000.00
10,000.00
50,000.00
450,000.00
572,763.38
450,000.00
50,000.00
472,763.38
50,000.00
18,000.00
50,000.00
454,763.38
50,000.00
404,763.38
50,000.00
100,000.00
164,763.38
140,000.00
50,000.00
50,000.00
114,763.38
50,000.00
76,963.38
37,800.00
108,963.38
32,000.00
58,963.38
50,000.00
43,963.38
15,000.00
550,000.00
93,963.38
500,000.00
125,963.38
32,000.00
50,000.00
2,575,963.38
2,500,000.00
50,000.00
2,425,963.38
100,000.00
100,000.00
2,275,963.38
50,000.00
1,875,963.38
400,000.00
47,500.00
23,600.00
22,200.00
376,207.00
1,356,456.38
50,000.00
1,286,456.38
70,000.00
1,271,456.38
15,000.00
500,000.00
500,000.00
700,000.00
700,000.00
1,146,956.38
124,500.00
1,100,956.38
46,000.00
50,000.00
1,000,956.38
50,000.00
100,000.00
550,000.00
100,000.00
50,000.00
65,490.00
111,866.38
23,600.00
1,500,000.00
3,100,000.00
1,561,866.38
3,150,000.00
1,200,000.00
2,011,866.38
750,000.00
19,900.00
416,250.00
1,675,716.38
100,000.00
1,573,216.38
102,500.00
1,723,216.38
150,000.00
1,688,216.38
35,000.00
100,000.00
4,838,216.38
3,250,000.00
2,000,000.00
50,000.00
2,500,000.00
2,138,216.38
2,250,000.00
50,000.00
14,000,000.00
500,000.00
800,000.00
16,188,216.38
200,000.00
2,500,000.00
200,000.00
50,000.00
1,881,032.00
250,000.00
74,000.00
70,000.00
11,133,184.38
30,000.00
10,913,184.38
220,000.00
10,898,184.38
15,000.00
104,689.00
500,000.00
200,000.00
2,500,000.00
18,500.00
18,500.00
15,000.00
100,000.00
21,000.00
31,000.00
22,275.00
7,108,720.38
258,500.00
500,000.00
4,150,000.00
11,108,720.38
650,000.00
21,008,720.38
9,900,000.00
100,000.00
400,000.00
400,000.00
21,000,000.00
900,000.00
9,900,000.00
9,900,000.00
100,000.00
300,000.00
5,000,000.00
50,000.00
13,500,000.00
2,316,720.38
258,000.00
500,000.00
750,000.00
1,962,720.38
104,000.00
100,000.00
2,034,720.38
28,000.00
2,154,720.38
120,000.00
2,054,720.38
100,000.00
150,000.00
100,000.00
250,000.00
190,000.00
190,000.00
190,000.00
190,000.00
100,000.00
3,000,000.00
100,000.00
500,000.00
1,800,000.00
3,000,000.00
654,720.38
2,700,000.00
554,720.38
100,000.00
2,600,000.00
4,500,000.00
2,500,000.00
5,054,720.38
100,000.00
554,720.38
4,500,000.00
200,000.00
402,970.38
48,250.00
